        "name": "臺灣村里界圖",
		"overlay": true,
        "description": "The village map from Taiwan National Land Surveying and Mapping Center"        
        "url": "http://maps.nlsc.gov.tw/S_Maps/wmts?SERVICE=WMTS&REQUEST=GetTile&VERSION=1.0.0&LAYER=Village&STYLE=_null&TILEMATRIXSET=EPSG:3857&TILEMATRIX=EPSG:3857:{z}&TILEROW={y}&TILECOL={x}&FORMAT=image/png",
        "extent": [
            0,
            19
        ],
		"country_code": "TW",
		"type": "wms",
        "polygon": [    
        	[
        		[
        			21.84936523437499,
        			21.785006291915956
        		],
        		[
        			121.09130859375,
        			21.248422235627025
        		],
        		[
        			119.66308593749999,
        			21.289374355860424
        		],
        		[
        			118.00964355468749,
        			23.74009762440226
        		],
        		[
        			118.2012176513672,
        			24.355228892970658
        		],
        		[
        			118.13392639160155,
        			24.370240921760704
        		],
        		[
        			118.13186645507812,
        			24.402135566630744
        		],
        		[
        			118.20465087890625,
        			24.447462130947212
        		],
        		[
        			118.21778297424316,
        			24.447071454305622
        		],
        		[
        			118.22619438171388,
        			24.459103739032205
        		],
        		[
        			118.30009460449219,
        			24.50089527468249
        		],
        		[
        			118.42643737792969,
        			24.54899692498484
        		],
        		[
        			118.553466796875,
        			24.462775700949635
        		],
        		[
        			119.24560546875001,
        			23.996289790628417
        		],
        		[
        			119.77294921874999,
        			24.497146320571886
        		],
        		[
        			119.36645507812499,
        			24.836595553891183
        		],
        		[
        			119.40147399902345,
        			24.99165933844671
        		],
        		[
        			120.355224609375,
        			24.906367237907997
        		],
        		[
        			120.73974609374999,
        			25.54244147012483
        		],
        		[
        			119.88075256347655,
        			25.91482062206972
        		],
        		[
        			119.85191345214842,
        			26.1800887243873
        		],
        		[
        			119.9871826171875,
        			26.318036522949075
        		],
        		[
        			120.08065223693846,
        			26.388409796207547
        		],
        		[
        			120.50628662109374,
        			26.425079200885378
        		],
        		[
        			122.45361328124999,
        			26.012360964113505
        		],
        		[
        			122.53601074218751,
        			25.025884063244828
        		],
        		[
        			121.84936523437499,
        			21.785006291915956
        		]
        	]
        ]
